Estacion mas deficitaria: (108, -25)
Estacion mas eficiente: (135, 35)
Estaciones y suma del tiempo de viaje de las bicis que salen de esas estaciones:
[(40, 35063), (136, 79945), (18, 42426), (124, 54737), (128, 87212), (92, 22784), (134, 75751), (56, 84538), (162, 204835), (64, 150274), (100, 27149), (102, 49792), (138, 23336), (156, 62810), (54, 58983), (140, 59274), (30, 64532), (10, 57532), (84, 44950), (116, 37674), (74, 72947), (106, 71582), (34, 31393), (160, 107908), (166, 82468), (20, 31985), (96, 35826), (26, 53551), (126, 51620), (146, 46986), (62, 50428), (168, 117632), (38, 63307), (86, 71390), (112, 31407), (66, 40113), (78, 67739), (24, 28423), (6, 105107), (158, 26810), (170, 72191), (52, 87201), (174, 50709), (90, 79906), (46, 43792), (164, 61897), (104, 20767), (114, 63154), (4, 21327), (42, 71286), (44, 62649), (110, 46774), (72, 32902), (32, 40746), (172, 76407), (2, 59709), (152, 28103), (132, 150561), (88, 26307), (120, 17424), (76, 118939), (150, 36180), (142, 45069), (94, 41661), (144, 26045), (16, 53567), (82, 106617), (130, 28126), (148, 62800), (12, 46581), (50, 49580), (58, 81567), (80, 45404), (118, 62084), (36, 20889), (60, 28123), (108, 127541), (48, 51557), (14, 43686), (154, 50006), (8, 52754), (122, 24637), (28, 21823), (98, 41588), (22, 8561), (111, 43401), (51, 32140), (45, 105443), (165, 37164), (159, 45097), (43, 139193), (33, 42322), (149, 112870), (163, 141588), (103, 96755), (63, 52211), (93, 204949), (47, 38963), (71, 36276), (133, 122526), (95, 62800), (23, 67928), (77, 63934), (125, 41457), (21, 51973), (13, 41089), (147, 56848), (69, 56204), (17, 58053), (135, 183383), (53, 82378), (57, 130527), (65, 56165), (99, 46281), (7, 49211), (9, 81063), (175, 141629), (73, 68930), (107, 26347), (25, 31234), (145, 65390), (129, 162129), (35, 35198), (91, 92425), (55, 63854), (121, 27097), (131, 57418), (161, 59953), (137, 72905), (143, 20598), (171, 68467), (67, 40905), (113, 60918), (39, 28159), (123, 68700), (49, 107515), (19, 53688), (109, 24498), (1, 86836), (31, 52914), (27, 38503), (117, 47689), (141, 30857), (79, 102342), (83, 103692), (11, 24806), (173, 187713), (127, 33012), (3, 68493), (81, 59006), (169, 73275), (139, 91817), (101, 24570), (105, 26247), (167, 52469), (75, 65766), (157, 45567), (59, 83047), (115, 55692), (37, 25687), (29, 14917), (61, 31517), (119, 22103), (85, 54369), (5, 26473), (155, 106696), (89, 53626), (15, 32474), (41, 87802), (153, 37475), (87, 36670), (97, 13582), (151, 25146)]
Tiempo de viaje de las bicis que salen de la estacion 108:
127541
Tiempo de viaje de las bicis que salen de la estacion 135:
183383
Estacion desde la que salen las bicis con el maximo de tiempo de viaje:
(93, 204949)
Estacion desde la que salen las bicis con el minimo de tiempo de viaje:
(22, 8561)
[(162, 204835), (64, 150274), (160, 107908), (168, 117632), (6, 105107), (132, 150561), (76, 118939), (82, 106617), (108, 127541), (45, 105443), (43, 139193), (149, 112870), (163, 141588), (93, 204949), (133, 122526), (135, 183383), (57, 130527), (175, 141629), (129, 162129), (49, 107515), (79, 102342), (83, 103692), (173, 187713), (155, 106696)]
[(40, 855), (136, 1038), (18, 902), (124, 1272), (128, 1162), (92, 712), (134, 1306), (56, 1083), (162, 2090), (64, 1502), (100, 696), (102, 1214), (138, 1060), (156, 937), (54, 1156), (140, 1288), (30, 733), (10, 927), (84, 736), (116, 819), (74, 1042), (106, 994), (34, 784), (160, 1057), (166, 1071), (20, 666), (96, 778), (26, 733), (126, 992), (146, 2042), (62, 752), (168, 1188), (38, 727), (86, 1065), (112, 1013), (66, 853), (78, 954), (24, 617), (6, 1040), (158, 670), (170, 913), (52, 1194), (174, 1102), (90, 823), (46, 973), (164, 695), (104, 988), (114, 986), (4, 561), (42, 1018), (44, 1080), (110, 835), (72, 913), (32, 866), (172, 1123), (2, 1218), (152, 906), (132, 1601), (88, 907), (120, 829), (76, 2477), (150, 1573), (142, 901), (94, 1016), (144, 1085), (16, 1190), (82, 1284), (130, 721), (148, 1427), (12, 846), (50, 1377), (58, 1007), (80, 945), (118, 1320), (36, 746), (60, 1339), (108, 1275), (48, 1052), (14, 840), (154, 926), (8, 850), (122, 912), (28, 1558), (98, 1039), (22, 1712), (111, 1205), (51, 868), (45, 1004), (165, 884), (159, 1099), (43, 1113), (33, 863), (149, 917), (163, 1041), (103, 1511), (63, 900), (93, 4998), (47, 763), (71, 636), (133, 1155), (95, 951), (23, 943), (77, 1162), (125, 987), (21, 980), (13, 622), (147, 1457), (69, 952), (17, 1000), (135, 1467), (53, 1083), (57, 858), (65, 769), (99, 723), (7, 757), (9, 910), (175, 1445), (73, 1188), (107, 612), (25, 918), (145, 1486), (129, 1286), (35, 748), (91, 1467), (55, 1082), (121, 732), (131, 775), (161, 881), (137, 1518), (143, 664), (171, 1630), (67, 757), (113, 823), (39, 625), (123, 1321), (49, 1119), (19, 715), (109, 583), (1, 859), (31, 715), (27, 962), (117, 1324), (141, 964), (79, 1248), (83, 1080), (11, 751), (173, 8532), (127, 786), (3, 1022), (81, 1134), (169, 872), (139, 1391), (101, 702), (105, 771), (167, 807), (75, 1060), (157, 843), (59, 830), (115, 732), (37, 755), (29, 710), (61, 1050), (119, 736), (85, 1359), (5, 802), (155, 1667), (89, 1031), (15, 877), (41, 1083), (153, 797), (87, 965), (97, 543), (151, 1143)]
Estacion con el mayor tiempo medio:  173
Estacion con el menor tiempo medio:  97
Basándonos en los resultados anteriores, vemos que las estaciones con mayor y menor tiempo medio no coinciden con las de mayor y menor tiempo total.
Usuarios que pertenecen a Madrid capital:
6288
Usuarios que no pertenecen a Madrid capital:
279
